0 0.821875 0.183333 0.053125 0.125000
0 0.884766 0.184028 0.033594 0.073611
0 0.973437 0.215972 0.029687 0.068056
0 0.716016 0.164583 0.028906 0.051389
0 0.629297 0.127083 0.061719 0.134722
0 0.677734 0.161806 0.038281 0.079167
0 0.540234 0.132639 0.035156 0.076389
0 0.479297 0.102778 0.064844 0.125000
0 0.433984 0.111806 0.033594 0.062500
0 0.315625 0.088194 0.059375 0.123611
0 0.095703 0.088194 0.063281 0.126389
1 0.783984 0.168750 0.027344 0.073611
1 0.924219 0.196528 0.035937 0.101389
1 0.130859 0.067361 0.036719 0.109722
