1 0.043774 0.688679 0.038019 0.089623
1 0.130900 0.692217 0.038019 0.068396
1 0.225947 0.666274 0.034851 0.054245
1 0.262382 0.634434 0.025346 0.066038
1 0.024764 0.593160 0.031682 0.054245
1 0.069912 0.564858 0.033267 0.068396
1 0.152286 0.560142 0.030098 0.063679
1 0.118227 0.516509 0.028514 0.047170
1 0.196641 0.594340 0.020594 0.066038
1 0.230700 0.582547 0.019009 0.061321
1 0.324955 0.571934 0.030098 0.058962
1 0.401785 0.584906 0.034851 0.061321
1 0.438219 0.630896 0.022178 0.049528
1 0.488911 0.709906 0.034851 0.089623
1 0.463565 0.567217 0.031682 0.063679
1 0.945138 0.694575 0.038019 0.077830
1 0.869100 0.678066 0.041187 0.087264
1 0.783557 0.619104 0.041187 0.082547
1 0.713064 0.658019 0.042771 0.089623
1 0.586335 0.652123 0.042771 0.082547
1 0.547524 0.589623 0.038019 0.070755
1 0.515841 0.666274 0.031682 0.082547
1 0.627522 0.563679 0.033267 0.070755
1 0.675045 0.523585 0.030098 0.070755
1 0.706728 0.492925 0.020594 0.061321
1 0.803359 0.505896 0.030098 0.063679
1 0.830289 0.555425 0.030098 0.058962
1 0.740786 0.571934 0.041187 0.058962
1 0.739202 0.497642 0.038019 0.051887
1 0.560197 0.491745 0.038019 0.054245
1 0.394656 0.471698 0.023762 0.061321
1 0.143573 0.438679 0.031682 0.056604
1 0.094465 0.462264 0.028514 0.056604
1 0.358221 0.536557 0.036435 0.058962
1 0.247333 0.517689 0.036435 0.058962
1 0.298025 0.438679 0.030098 0.047170
1 0.500792 0.409198 0.026930 0.054245
1 0.520594 0.538915 0.025346 0.063679
1 0.938009 0.627358 0.045939 0.051887