1 0.103982 0.362340 0.048673 0.063913
1 0.228614 0.356195 0.026549 0.056539
1 0.258850 0.352507 0.028024 0.063913
1 0.350295 0.352507 0.030973 0.058997
1 0.466077 0.356195 0.035398 0.061455
1 0.587021 0.357424 0.038348 0.073746
1 0.706490 0.343904 0.038348 0.071288
1 0.724926 0.270157 0.033923 0.076205
1 0.814897 0.347591 0.039823 0.083579
1 0.921091 0.335300 0.036873 0.068830
1 0.918879 0.267699 0.044248 0.051622
1 0.805310 0.272616 0.044248 0.046706
1 0.595133 0.293510 0.039823 0.044248
1 0.508112 0.341445 0.022124 0.041790