1 0.213281 0.377083 0.035937 0.065278
1 0.642187 0.382639 0.031250 0.087500
1 0.669922 0.354861 0.027344 0.056944
1 0.415234 0.563889 0.057031 0.097222
1 0.458594 0.351389 0.029687 0.058333
1 0.542578 0.309028 0.022656 0.043056
1 0.475781 0.293056 0.023438 0.041667
1 0.414453 0.334722 0.038281 0.075000
1 0.391797 0.295139 0.025781 0.051389
1 0.293359 0.315278 0.027344 0.050000
1 0.367188 0.390278 0.037500 0.086111
1 0.273828 0.306944 0.025781 0.038889
1 0.660937 0.288194 0.026563 0.062500
1 0.608594 0.268750 0.023438 0.043056
0 0.123047 0.351389 0.036719 0.063889
1 0.090234 0.334722 0.032031 0.050000
