1 0.899609 0.079861 0.033594 0.079167
0 0.930859 0.095139 0.041406 0.120833
0 0.966406 0.067361 0.053125 0.106944
0 0.878906 0.038194 0.042188 0.076389
0 0.738672 0.052778 0.052344 0.080556
0 0.955078 0.222917 0.063281 0.134722
0 0.844531 0.372917 0.079687 0.179167
0 0.736719 0.240972 0.075000 0.129167
0 0.728906 0.131250 0.060938 0.101389
0 0.669922 0.106944 0.063281 0.102778
0 0.603906 0.081944 0.053125 0.102778
0 0.665234 0.306944 0.082031 0.161111
0 0.507812 0.477083 0.098438 0.187500
0 0.531250 0.180556 0.071875 0.150000
0 0.457422 0.140972 0.055469 0.118056
0 0.436328 0.236111 0.067969 0.133333
0 0.364062 0.074306 0.043750 0.079167
0 0.348047 0.279167 0.074219 0.177778
0 0.197656 0.242361 0.059375 0.134722
0 0.189453 0.098611 0.066406 0.122222
0 0.109766 0.175000 0.064844 0.125000
0 0.039062 0.088194 0.054688 0.098611
0 0.067188 0.356944 0.093750 0.175000
