1 0.160767 0.549164 0.041298 0.073746
1 0.492625 0.555310 0.035398 0.071288
1 0.687316 0.504916 0.038348 0.063913
1 0.691003 0.295969 0.039823 0.054081
1 0.241150 0.236971 0.042773 0.054081
1 0.297935 0.248033 0.050147 0.061455
1 0.014749 0.390610 0.029498 0.061455
1 0.471976 0.366028 0.047198 0.056539
1 0.446165 0.480334 0.033923 0.049164
1 0.325221 0.359882 0.028024 0.063913
0 0.361357 0.292281 0.032448 0.076205
0 0.120944 0.364798 0.041298 0.073746
0 0.137906 0.250492 0.036873 0.066372
0 0.291298 0.500000 0.042773 0.068830
0 0.630531 0.238201 0.048673 0.056539
0 0.672566 0.088250 0.053097 0.076205
0 0.564159 0.279990 0.033923 0.090954
0 0.640855 0.359882 0.036873 0.083579
0 0.755162 0.426254 0.035398 0.083579
0 0.848083 0.222222 0.032448 0.078663
0 0.834071 0.308260 0.036873 0.063913
1 0.901180 0.283677 0.029499 0.078663
1 0.206490 0.373402 0.038348 0.056539
1 0.158555 0.471731 0.036873 0.041790
0 0.263274 0.308260 0.063422 0.058997