1 0.478467 0.445392 0.032697 0.085269
1 0.702501 0.408200 0.037541 0.068940
1 0.382193 0.437228 0.036330 0.061684
1 0.436688 0.427250 0.033908 0.070755
1 0.293185 0.373730 0.027853 0.058055
1 0.132729 0.457184 0.031486 0.068940
1 0.368267 0.347424 0.025431 0.034470
1 0.488709 0.363881 0.044980 0.057278
0 0.212645 0.405997 0.037108 0.067385
0 0.548307 0.393363 0.038233 0.055593
0 0.599471 0.374832 0.028112 0.048854
0 0.157545 0.397574 0.030361 0.047170
1 0.533126 0.346193 0.023614 0.038747
1 0.769270 0.341139 0.190040 0.032008